A,B,C,D,E,F,G,H
0,15,20,25,18,22,24,20
15,0,25,20,17,19,23,21
20,25,0,15,21,25,18,22
25,20,15,0,24,18,22,19
18,17,21,24,0,20,25,22
22,19,25,18,20,0,23,24
24,23,18,22,25,23,0,19
20,21,22,19,22,24,19,0